[16:30:37:194240] player1_RigidBody -0.999019 0.0110758 0.0428678 0 -0.00438627 0.938684 -0.34475 0 -0.0440577 -0.3446 -0.937715 0 -0.00754075 0.0329646 0.0704037 1
[16:30:37:194240] player2_RigidBody 1 0 0 0 0 1 0 0 0 0 1 0 0 0 0 1
[16:30:39:248445] player1_RigidBody -0.999022 0.0112901 0.0427549 0 -0.00416779 0.938514 -0.345216 0 -0.0440236 -0.345056 -0.937549 0 -0.00756173 0.0330072 0.070417 1
[16:30:39:248445] player2_RigidBody 1 0 0 0 0 1 0 0 0 0 1 0 0 0 0 1
[16:30:39:368457] player1_RigidBody -0.999023 0.011311 0.0427231 0 -0.00412858 0.938582 -0.345031 0 -0.0440018 -0.34487 -0.937618 0 -0.00755944 0.0330427 0.0703959 1
[16:30:39:368457] player2_RigidBody 1 0 0 0 0 1 0 0 0 0 1 0 0 0 0 1
[16:30:39:469467] player1_RigidBody -0.999021 0.0112944 0.0427636 0 -0.00414536 0.938682 -0.34476 0 -0.0440353 -0.3446 -0.937716 0 -0.00756433 0.0330219 0.0703959 1
[16:30:39:469467] player2_RigidBody 1 0 0 0 0 1 0 0 0 0 1 0 0 0 0 1
[16:30:39:570477] player1_RigidBody -0.99902 0.0112113 0.0428144 0 -0.00422793 0.938783 -0.344482 0 -0.0440555 -0.344326 -0.937816 0 -0.0075636 0.0329843 0.0704022 1
[16:30:39:570477] player2_RigidBody 1 0 0 0 0 1 0 0 0 0 1 0 0 0 0 1
[16:30:39:671487] player1_RigidBody -0.999024 0.01112 0.0427425 0 -0.00430566 0.938652 -0.344839 0 -0.043955 -0.344687 -0.937688 0 -0.00754015 0.0330021 0.0704104 1
[16:30:39:671487] player2_RigidBody 1 0 0 0 0 1 0 0 0 0 1 0 0 0 0 1
[16:30:39:772497] player1_RigidBody -0.999023 0.0112415 0.0427291 0 -0.00419312 0.938604 -0.344972 0 -0.0439837 -0.344814 -0.93764 0 -0.00754957 0.0329854 0.0704074 1
[16:30:39:772497] player2_RigidBody 1 0 0 0 0 1 0 0 0 0 1 0 0 0 0 1
[16:30:39:874508] player1_RigidBody -0.999024 0.0112241 0.0427279 0 -0.00421955 0.938521 -0.345196 0 -0.0439756 -0.345039 -0.937558 0 -0.00754851 0.0330065 0.0704251 1
[16:30:39:874508] player2_RigidBody 1 0 0 0 0 1 0 0 0 0 1 0 0 0 0 1
[16:30:39:974518] player1_RigidBody -0.999023 0.0112755 0.0427321 0 -0.00417561 0.938499 -0.345258 0 -0.043997 -0.345099 -0.937535 0 -0.00752912 0.0329935 0.070418 1
[16:30:39:974518] player2_RigidBody 1 0 0 0 0 1 0 0 0 0 1 0 0 0 0 1
[16:30:40:075528] player1_RigidBody -0.999024 0.0113522 0.0426885 0 -0.00406856 0.938656 -0.344832 0 -0.0439844 -0.344669 -0.937693 0 -0.00755317 0.0330374 0.0704334 1
[16:30:40:075528] player2_RigidBody 1 0 0 0 0 1 0 0 0 0 1 0 0 0 0 1
[16:30:40:176538] player1_RigidBody -0.999024 0.0112139 0.0427335 0 -0.00420611 0.938717 -0.344664 0 -0.0439797 -0.344507 -0.937753 0 -0.00755622 0.0329818 0.0704201 1
[16:30:40:176538] player2_RigidBody 1 0 0 0 0 1 0 0 0 0 1 0 0 0 0 1
[16:30:40:277548] player1_RigidBody -0.999021 0.0113659 0.0427632 0 -0.00409399 0.938557 -0.3451 0 -0.044058 -0.344937 -0.937591 0 -0.00755244 0.0330459 0.0704076 1
[16:30:40:278548] player2_RigidBody 1 0 0 0 0 1 0 0 0 0 1 0 0 0 0 1
[16:30:40:379558] player1_RigidBody -0.999027 0.011213 0.0426635 0 -0.00419756 0.938601 -0.344978 0 -0.0439122 -0.344821 -0.937641 0 -0.00753813 0.0330033 0.0704123 1
[16:30:40:379558] player2_RigidBody 1 0 0 0 0 1 0 0 0 0 1 0 0 0 0 1
[16:30:40:480568] player1_RigidBody -0.999023 0.0114347 0.0426818 0 -0.00398376 0.938694 -0.344727 0 -0.044007 -0.344561 -0.937732 0 -0.00756915 0.0330438 0.0704153 1
[16:30:40:480568] player2_RigidBody 1 0 0 0 0 1 0 0 0 0 1 0 0 0 0 1
[16:30:40:580578] player1_RigidBody -0.999022 0.0112873 0.0427458 0 -0.00415291 0.938627 -0.344909 0 -0.0440154 -0.34475 -0.937662 0 -0.00754646 0.0329911 0.070409 1
[16:30:40:580578] player2_RigidBody 1 0 0 0 0 1 0 0 0 0 1 0 0 0 0 1
[16:30:40:681588] player1_RigidBody -0.999021 0.0113049 0.0427773 0 -0.00414226 0.938666 -0.344802 0 -0.0440516 -0.344642 -0.9377 0 -0.00755658 0.0329615 0.0704068 1
[16:30:40:681588] player2_RigidBody 1 0 0 0 0 1 0 0 0 0 1 0 0 0 0 1
[16:30:40:781598] player1_RigidBody -0.999026 0.0113112 0.0426456 0 -0.00410676 0.938542 -0.345141 0 -0.0439286 -0.34498 -0.937581 0 -0.00757025 0.0329886 0.0704238 1
[16:30:40:781598] player2_RigidBody 1 0 0 0 0 1 0 0 0 0 1 0 0 0 0 1
[16:30:40:882608] player1_RigidBody -0.999024 0.0112264 0.0427122 0 -0.00420619 0.938567 -0.345072 0 -0.0439622 -0.344915 -0.937604 0 -0.00756382 0.0329754 0.0704132 1
[16:30:40:882608] player2_RigidBody 1 0 0 0 0 1 0 0 0 0 1 0 0 0 0 1
[16:30:40:984619] player1_RigidBody -0.999024 0.0113371 0.0426987 0 -0.00409308 0.938602 -0.344978 0 -0.0439881 -0.344816 -0.937639 0 -0.00756207 0.0330471 0.0704121 1
[16:30:40:984619] player2_RigidBody 1 0 0 0 0 1 0 0 0 0 1 0 0 0 0 1
[16:30:41:085629] player1_RigidBody -0.999024 0.0114434 0.0426642 0 -0.00398585 0.938567 -0.345075 0 -0.0439921 -0.344908 -0.937605 0 -0.00757856 0.0330043 0.0704147 1
[16:30:41:085629] player2_RigidBody 1 0 0 0 0 1 0 0 0 0 1 0 0 0 0 1
[16:30:41:186639] player1_RigidBody -0.999022 0.011285 0.0427582 0 -0.00415914 0.938629 -0.344903 0 -0.0440263 -0.344744 -0.937664 0 -0.00757863 0.0329769 0.0704086 1
[16:30:41:186639] player2_RigidBody 1 0 0 0 0 1 0 0 0 0 1 0 0 0 0 1
[16:30:41:286649] player1_RigidBody -0.999024 0.0112816 0.0427101 0 -0.00414335 0.938647 -0.344854 0 -0.0439802 -0.344694 -0.937684 0 -0.00756929 0.0330022 0.0704251 1
[16:30:41:286649] player2_RigidBody 1 0 0 0 0 1 0 0 0 0 1 0 0 0 0 1
[16:30:41:387659] player1_RigidBody -0.999022 0.0112219 0.0427716 0 -0.00421479 0.938693 -0.344728 0 -0.0440179 -0.344571 -0.937728 0 -0.00758139 0.0329917 0.0704201 1
[16:30:41:387659] player2_RigidBody 1 0 0 0 0 1 0 0 0 0 1 0 0 0 0 1
[16:30:41:488669] player1_RigidBody -0.999021 0.0113944 0.0427492 0 -0.00406368 0.938547 -0.345126 0 -0.0440546 -0.344962 -0.937582 0 -0.00754594 0.0329603 0.0704198 1
[16:30:41:488669] player2_RigidBody 1 0 0 0 0 1 0 0 0 0 1 0 0 0 0 1
[16:30:41:589679] player1_RigidBody -0.999022 0.0113348 0.0427424 0 -0.00411538 0.938562 -0.345086 0 -0.0440278 -0.344925 -0.937597 0 -0.0075518 0.0330108 0.0704189 1
[16:30:41:589679] player2_RigidBody 1 0 0 0 0 1 0 0 0 0 1 0 0 0 0 1
[16:30:41:689689] player1_RigidBody -0.999024 0.0112241 0.0427288 0 -0.00419233 0.938737 -0.344609 0 -0.043979 -0.344452 -0.937773 0 -0.00755058 0.0330359 0.0704148 1
[16:30:41:689689] player2_RigidBody 1 0 0 0 0 1 0 0 0 0 1 0 0 0 0 1
[16:30:41:789699] player1_RigidBody -0.999021 0.0111908 0.0427978 0 -0.00424293 0.938772 -0.344512 0 -0.0440328 -0.344356 -0.937806 0 -0.00754492 0.0330622 0.0704195 1
[16:30:41:790699] player2_RigidBody 1 0 0 0 0 1 0 0 0 0 1 0 0 0 0 1
[16:30:41:891709] player1_RigidBody -0.999025 0.0111965 0.0427035 0 -0.00422769 0.938595 -0.344996 0 -0.043944 -0.34484 -0.937632 0 -0.00754252 0.033069 0.0704298 1
[16:30:41:891709] player2_RigidBody 1 0 0 0 0 1 0 0 0 0 1 0 0 0 0 1
[16:30:41:991719] player1_RigidBody -0.999027 0.0112237 0.0426572 0 -0.00419069 0.938559 -0.345094 0 -0.0439095 -0.344937 -0.937598 0 -0.00754499 0.0330247 0.0704271 1
[16:30:41:991719] player2_RigidBody 1 0 0 0 0 1 0 0 0 0 1 0 0 0 0 1
[16:30:42:092729] player1_RigidBody -0.99902 0.01134 0.0427866 0 -0.0041098 0.938688 -0.344744 0 -0.0440727 -0.344582 -0.937721 0 -0.00754074 0.0330132 0.0704122 1
[16:30:42:092729] player2_RigidBody 1 0 0 0 0 1 0 0 0 0 1 0 0 0 0 1
[16:30:42:194740] player1_RigidBody -0.999024 0.0112497 0.0427032 0 -0.00416554 0.93869 -0.344738 0 -0.0439632 -0.34458 -0.937727 0 -0.00752052 0.0330344 0.0704057 1
[16:30:42:194740] player2_RigidBody 1 0 0 0 0 1 0 0 0 0 1 0 0 0 0 1
[16:30:42:296750] player1_RigidBody -0.999024 0.0111337 0.04274 0 -0.00427128 0.938814 -0.344398 0 -0.0439593 -0.344244 -0.937851 0 -0.00754682 0.0330276 0.0703993 1
[16:30:42:296750] player2_RigidBody 1 0 0 0 0 1 0 0 0 0 1 0 0 0 0 1
[16:30:42:396760] player1_RigidBody -0.999021 0.0112474 0.0427899 0 -0.00418135 0.938816 -0.344393 0 -0.0440454 -0.344234 -0.93785 0 -0.00754818 0.0330059 0.0703939 1
[16:30:42:396760] player2_RigidBody 1 0 0 0 0 1 0 0 0 0 1 0 0 0 0 1
[16:30:42:497770] player1_RigidBody -0.999021 0.011388 0.042746 0 -0.0040599 0.938615 -0.344942 0 -0.0440502 -0.344778 -0.93765 0 -0.00754214 0.0330071 0.0703914 1
[16:30:42:497770] player2_RigidBody 1 0 0 0 0 1 0 0 0 0 1 0 0 0 0 1
[16:30:42:597780] player1_RigidBody -0.99902 0.0113785 0.0427623 0 -0.00406655 0.938677 -0.344773 0 -0.044063 -0.344609 -0.937711 0 -0.0075524 0.0330022 0.0703929 1
[16:30:42:597780] player2_RigidBody 1 0 0 0 0 1 0 0 0 0 1 0 0 0 0 1
[16:30:42:698790] player1_RigidBody -0.999023 0.0112886 0.0427165 0 -0.00414412 0.938607 -0.344964 0 -0.0439881 -0.344804 -0.937644 0 -0.00754906 0.033015 0.0703935 1
[16:30:42:698790] player2_RigidBody 1 0 0 0 0 1 0 0 0 0 1 0 0 0 0 1
[16:30:42:799800] player1_RigidBody -0.999022 0.0111901 0.0427767 0 -0.00424451 0.938708 -0.344687 0 -0.0440119 -0.344532 -0.937742 0 -0.00756406 0.0329987 0.0703987 1
[16:30:42:800800] player2_RigidBody 1 0 0 0 0 1 0 0 0 0 1 0 0 0 0 1
[16:30:42:900810] player1_RigidBody -0.999028 0.0113411 0.0426055 0 -0.00405498 0.938619 -0.344932 0 -0.0439023 -0.344769 -0.93766 0 -0.00754496 0.0329935 0.0704097 1
[16:30:42:900810] player2_RigidBody 1 0 0 0 0 1 0 0 0 0 1 0 0 0 0 1
[16:30:43:001820] player1_RigidBody -0.999024 0.0113636 0.0426941 0 -0.0040638 0.938624 -0.344918 0 -0.0439932 -0.344755 -0.937661 0 -0.00754554 0.0329529 0.070405 1
[16:30:43:001820] player2_RigidBody 1 0 0 0 0 1 0 0 0 0 1 0 0 0 0 1
[16:30:43:101830] player1_RigidBody -0.99902 0.0113259 0.0427809 0 -0.00411443 0.938739 -0.344605 0 -0.0440631 -0.344443 -0.937772 0 -0.00753356 0.0329911 0.0704155 1
[16:30:43:101830] player2_RigidBody 1 0 0 0 0 1 0 0 0 0 1 0 0 0 0 1
[16:30:43:201840] player1_RigidBody -0.999026 0.011378 0.042638 0 -0.00402299 0.938686 -0.34475 0 -0.0439462 -0.344586 -0.937726 0 -0.00754286 0.0330307 0.0704088 1
[16:30:43:201840] player2_RigidBody 1 0 0 0 0 1 0 0 0 0 1 0 0 0 0 1
[16:30:43:302850] player1_RigidBody -0.999024 0.0114028 0.0426691 0 -0.00401923 0.938617 -0.344938 0 -0.0439832 -0.344773 -0.937655 0 -0.00754521 0.0329658 0.0704118 1
[16:30:43:302850] player2_RigidBody 1 0 0 0 0 1 0 0 0 0 1 0 0 0 0 1
[16:30:43:402860] player1_RigidBody -0.999023 0.0113007 0.0427221 0 -0.00412011 0.938721 -0.344653 0 -0.043999 -0.344493 -0.937757 0 -0.00753668 0.0330175 0.0704088 1
[16:30:43:402860] player2_RigidBody 1 0 0 0 0 1 0 0 0 0 1 0 0 0 0 1
[16:30:43:503870] player1_RigidBody -0.999025 0.0113707 0.0426549 0 -0.0040433 0.938627 -0.344911 0 -0.0439589 -0.344748 -0.937666 0 -0.00754634 0.0329976 0.0704093 1
[16:30:43:503870] player2_RigidBody 1 0 0 0 0 1 0 0 0 0 1 0 0 0 0 1
[16:30:43:604881] player1_RigidBody -0.999018 0.0112904 0.0428319 0 -0.00417069 0.938698 -0.344717 0 -0.0440982 -0.344557 -0.937729 0 -0.00754953 0.0329674 0.0704117 1
[16:30:43:604881] player2_RigidBody 1 0 0 0 0 1 0 0 0 0 1 0 0 0 0 1
[16:30:43:705891] player1_RigidBody -0.99902 0.0111708 0.0428226 0 -0.00428209 0.938679 -0.344765 0 -0.044048 -0.34461 -0.937712 0 -0.00755058 0.0329851 0.0704132 1
[16:30:43:705891] player2_RigidBody 1 0 0 0 0 1 0 0 0 0 1 0 0 0 0 1
[16:30:43:806901] player1_RigidBody -0.999019 0.0115313 0.0427578 0 -0.00392688 0.938635 -0.344889 0 -0.044111 -0.344719 -0.937669 0 -0.00753886 0.0330238 0.0704102 1
[16:30:43:806901] player2_RigidBody 1 0 0 0 0 1 0 0 0 0 1 0 0 0 0 1
[16:30:43:906911] player1_RigidBody -0.999021 0.0113087 0.0427798 0 -0.00412822 0.938755 -0.344561 0 -0.0440563 -0.3444 -0.937789 0 -0.00754935 0.0329831 0.0704065 1
[16:30:43:906911] player2_RigidBody 1 0 0 0 0 1 0 0 0 0 1 0 0 0 0 1
[16:30:44:007921] player1_RigidBody -0.999023 0.0113133 0.042726 0 -0.00409907 0.938804 -0.344427 0 -0.044008 -0.344266 -0.93784 0 -0.00756345 0.0330074 0.0704119 1
[16:30:44:007921] player2_RigidBody 1 0 0 0 0 1 0 0 0 0 1 0 0 0 0 1
[16:30:44:108931] player1_RigidBody -0.999025 0.0111443 0.0427068 0 -0.00427673 0.938604 -0.344971 0 -0.0439292 -0.344817 -0.937641 0 -0.00756052 0.0330066 0.0704063 1
[16:30:44:108931] player2_RigidBody 1 0 0 0 0 1 0 0 0 0 1 0 0 0 0 1
[16:30:44:208941] player1_RigidBody -0.999026 0.0112491 0.0426662 0 -0.0041512 0.938706 -0.344693 0 -0.0439285 -0.344534 -0.937745 0 -0.00755909 0.0329989 0.0704054 1
[16:30:44:208941] player2_RigidBody 1 0 0 0 0 1 0 0 0 0 1 0 0 0 0 1
[16:30:44:309951] player1_RigidBody -0.999021 0.0112855 0.0427714 0 -0.00416215 0.938637 -0.344882 0 -0.0440389 -0.344723 -0.937671 0 -0.00755963 0.032961 0.0704109 1
[16:30:44:309951] player2_RigidBody 1 0 0 0 0 1 0 0 0 0 1 0 0 0 0 1
[16:30:44:409961] player1_RigidBody -0.999022 0.0112471 0.0427554 0 -0.00419795 0.938596 -0.344993 0 -0.0440102 -0.344835 -0.937631 0 -0.00755104 0.0330207 0.0704161 1
[16:30:44:409961] player2_RigidBody 1 0 0 0 0 1 0 0 0 0 1 0 0 0 0 1
[16:30:44:509971] player1_RigidBody -0.99902 0.0112704 0.0427995 0 -0.00417934 0.938689 -0.344739 0 -0.0440608 -0.34458 -0.937722 0 -0.00755587 0.0329879 0.0704168 1
[16:30:44:509971] player2_RigidBody 1 0 0 0 0 1 0 0 0 0 1 0 0 0 0 1
[16:30:44:610981] player1_RigidBody -0.99902 0.0113531 0.0427905 0 -0.00410518 0.938638 -0.34488 0 -0.0440802 -0.344718 -0.937671 0 -0.00753893 0.0329725 0.0704144 1
[16:30:44:610981] player2_RigidBody 1 0 0 0 0 1 0 0 0 0 1 0 0 0 0 1
[16:30:44:711991] player1_RigidBody -0.999019 0.0114198 0.042788 0 -0.00405516 0.938532 -0.345168 0 -0.0440997 -0.345003 -0.937565 0 -0.00755433 0.0329987 0.0704105 1
[16:30:44:711991] player2_RigidBody 1 0 0 0 0 1 0 0 0 0 1 0 0 0 0 1
[16:30:44:814001] player1_RigidBody -0.999026 0.0111322 0.0427047 0 -0.0042732 0.938714 -0.34467 0 -0.0439245 -0.344516 -0.937752 0 -0.00755861 0.0329636 0.0704123 1
[16:30:44:814001] player2_RigidBody 1 0 0 0 0 1 0 0 0 0 1 0 0 0 0 1
[16:30:44:914011] player1_RigidBody -0.999022 0.0114186 0.0427096 0 -0.004021 0.938597 -0.344992 0 -0.0440264 -0.344827 -0.937633 0 -0.00755802 0.0329475 0.0704137 1
[16:30:44:914011] player2_RigidBody 1 0 0 0 0 1 0 0 0 0 1 0 0 0 0 1
[16:30:45:015022] player1_RigidBody -0.999019 0.0113047 0.042817 0 -0.00415443 0.93868 -0.344766 0 -0.0440889 -0.344605 -0.937712 0 -0.00755399 0.0329811 0.0704107 1
[16:30:45:015022] player2_RigidBody 1 0 0 0 0 1 0 0 0 0 1 0 0 0 0 1
[16:30:45:115032] player1_RigidBody -0.999023 0.0114275 0.0426862 0 -0.00400381 0.938603 -0.344977 0 -0.0440076 -0.344811 -0.93764 0 -0.0075319 0.032962 0.0704133 1
[16:30:45:115032] player2_RigidBody 1 0 0 0 0 1 0 0 0 0 1 0 0 0 0 1
[16:30:45:216042] player1_RigidBody -0.99902 0.0113675 0.0427695 0 -0.00408149 0.938661 -0.344817 0 -0.0440658 -0.344654 -0.937695 0 -0.00754893 0.0329922 0.070419 1
[16:30:45:216042] player2_RigidBody 1 0 0 0 0 1 0 0 0 0 1 0 0 0 0 1
[16:30:45:316052] player1_RigidBody -0.99902 0.0112565 0.0427981 0 -0.00418742 0.938724 -0.344644 0 -0.0440551 -0.344485 -0.937757 0 -0.00755819 0.0330071 0.0704169 1
[16:30:45:316052] player2_RigidBody 1 0 0 0 0 1 0 0 0 0 1 0 0 0 0 1
[16:30:45:417062] player1_RigidBody -0.999023 0.0112815 0.0427302 0 -0.00413848 0.938741 -0.3446 0 -0.0440002 -0.34444 -0.937777 0 -0.007548 0.0330008 0.0704277 1
[16:30:45:417062] player2_RigidBody 1 0 0 0 0 1 0 0 0 0 1 0 0 0 0 1
[16:30:45:518072] player1_RigidBody -0.999026 0.0113374 0.042655 0 -0.00407489 0.938624 -0.344919 0 -0.0439475 -0.344756 -0.937663 0 -0.00757292 0.0329527 0.0704205 1
[16:30:45:518072] player2_RigidBody 1 0 0 0 0 1 0 0 0 0 1 0 0 0 0 1
[16:30:45:619082] player1_RigidBody -0.999024 0.0113981 0.0426753 0 -0.0040224 0.938644 -0.344865 0 -0.0439877 -0.3447 -0.937682 0 -0.00756297 0.0329864 0.0704198 1
[16:30:45:619082] player2_RigidBody 1 0 0 0 0 1 0 0 0 0 1 0 0 0 0 1
[16:30:45:720092] player1_RigidBody -0.999023 0.0113525 0.0427172 0 -0.00407503 0.93868 -0.344765 0 -0.0440118 -0.344602 -0.937716 0 -0.00754338 0.0329892 0.0704177 1
[16:30:45:720092] player2_RigidBody 1 0 0 0 0 1 0 0 0 0 1 0 0 0 0 1
[16:30:45:820102] player1_RigidBody -0.999021 0.0112482 0.0427847 0 -0.00419189 0.938714 -0.344671 0 -0.0440396 -0.344513 -0.937748 0 -0.00753458 0.0330058 0.0704216 1
[16:30:45:820102] player2_RigidBody 1 0 0 0 0 1 0 0 0 0 1 0 0 0 0 1
[16:30:45:920112] player1_RigidBody -0.999022 0.0113972 0.0427277 0 -0.00403799 0.93867 -0.344794 0 -0.0440369 -0.344629 -0.937705 0 -0.0075383 0.032975 0.0704216 1
[16:30:45:921112] player2_RigidBody 1 0 0 0 0 1 0 0 0 0 1 0 0 0 0 1
[16:30:46:021122] player1_RigidBody -0.999023 0.0114168 0.0427014 0 -0.0040076 0.938693 -0.344732 0 -0.0440192 -0.344566 -0.937729 0 -0.00754139 0.0330022 0.0704223 1
[16:30:46:022122] player2_RigidBody 1 0 0 0 0 1 0 0 0 0 1 0 0 0 0 1
[16:30:46:122132] player1_RigidBody -0.999027 0.0113304 0.0426197 0 -0.00405568 0.938731 -0.344627 0 -0.0439132 -0.344464 -0.937772 0 -0.00754381 0.0329967 0.0704221 1
[16:30:46:122132] player2_RigidBody 1 0 0 0 0 1 0 0 0 0 1 0 0 0 0 1
[16:30:46:224142] player1_RigidBody -0.999021 0.0113135 0.0427587 0 -0.00412088 0.93872 -0.344657 0 -0.0440378 -0.344496 -0.937754 0 -0.00753816 0.0330051 0.0704187 1
[16:30:46:224142] player2_RigidBody 1 0 0 0 0 1 0 0 0 0 1 0 0 0 0 1
[16:30:46:337154] player1_RigidBody -0.999023 0.0113631 0.0427189 0 -0.00405498 0.938763 -0.344539 0 -0.0440179 -0.344376 -0.937799 0 -0.00753429 0.033005 0.0704321 1
[16:30:46:337154] player2_RigidBody 1 0 0 0 0 1 0 0 0 0 1 0 0 0 0 1
[16:30:46:437164] player1_RigidBody -0.999023 0.011332 0.0427239 0 -0.00409289 0.938709 -0.344687 0 -0.0440113 -0.344525 -0.937745 0 -0.00754048 0.0329997 0.0704083 1
[16:30:46:437164] player2_RigidBody 1 0 0 0 0 1 0 0 0 0 1 0 0 0 0 1
[16:30:46:538174] player1_RigidBody -0.999022 0.0111472 0.042784 0 -0.00429336 0.93866 -0.344816 0 -0.0440034 -0.344663 -0.937695 0 -0.0075335 0.0329839 0.0704117 1
[16:30:46:538174] player2_RigidBody 1 0 0 0 0 1 0 0 0 0 1 0 0 0 0 1
[16:30:46:638184] player1_RigidBody -0.999024 0.0112435 0.0427196 0 -0.00417678 0.938691 -0.344734 0 -0.0439765 -0.344576 -0.937728 0 -0.00754255 0.032971 0.0704147 1
[16:30:46:638184] player2_RigidBody 1 0 0 0 0 1 0 0 0 0 1 0 0 0 0 1
[16:30:46:739194] player1_RigidBody -0.999023 0.0113784 0.0427102 0 -0.00403857 0.938757 -0.344557 0 -0.044015 -0.344393 -0.937793 0 -0.00754573 0.0329681 0.0704135 1
[16:30:46:739194] player2_RigidBody 1 0 0 0 0 1 0 0 0 0 1 0 0 0 0 1
[16:30:46:840204] player1_RigidBody -0.999022 0.011179 0.0427766 0 -0.00425346 0.938719 -0.344658 0 -0.0440081 -0.344503 -0.937753 0 -0.00755763 0.0329981 0.0704058 1
[16:30:46:840204] player2_RigidBody 1 0 0 0 0 1 0 0 0 0 1 0 0 0 0 1
[16:30:46:940214] player1_RigidBody -0.999023 0.0112117 0.0427449 0 -0.00422218 0.938638 -0.344878 0 -0.0439887 -0.344722 -0.937674 0 -0.00755827 0.0329548 0.0704036 1
[16:30:46:940214] player2_RigidBody 1 0 0 0 0 1 0 0 0 0 1 0 0 0 0 1
[16:30:47:041224] player1_RigidBody -0.999022 0.0111139 0.0427869 0 -0.00431209 0.938767 -0.344527 0 -0.0439959 -0.344374 -0.937801 0 -0.00754629 0.032954 0.0704063 1
[16:30:47:041224] player2_RigidBody 1 0 0 0 0 1 0 0 0 0 1 0 0 0 0 1
[16:30:47:141234] player1_RigidBody -0.999022 0.0113972 0.042725 0 -0.00404534 0.938605 -0.34497 0 -0.0440336 -0.344805 -0.937641 0 -0.00754628 0.0330424 0.0704147 1
[16:30:47:142234] player2_RigidBody 1 0 0 0 0 1 0 0 0 0 1 0 0 0 0 1
[16:30:47:242244] player1_RigidBody -0.999019 0.0112648 0.0428269 0 -0.00418323 0.938774 -0.344507 0 -0.0440856 -0.344349 -0.937806 0 -0.00757729 0.0330019 0.0704128 1
[16:30:47:242244] player2_RigidBody 1 0 0 0 0 1 0 0 0 0 1 0 0 0 0 1
[16:30:47:342254] player1_RigidBody -0.999022 0.011295 0.042757 0 -0.00412947 0.938784 -0.344482 0 -0.0440305 -0.344321 -0.937819 0 -0.00755597 0.0329869 0.0704157 1
[16:30:47:342254] player2_RigidBody 1 0 0 0 0 1 0 0 0 0 1 0 0 0 0 1
[16:30:47:443264] player1_RigidBody -0.999024 0.0113305 0.042695 0 -0.00409042 0.938661 -0.344817 0 -0.0439831 -0.344656 -0.937698 0 -0.00756315 0.0329921 0.0704085 1
[16:30:47:443264] player2_RigidBody 1 0 0 0 0 1 0 0 0 0 1 0 0 0 0 1
[16:30:47:543274] player1_RigidBody -0.999021 0.0113927 0.042747 0 -0.00404777 0.938678 -0.344771 0 -0.0440535 -0.344606 -0.937713 0 -0.00754999 0.0330417 0.0704149 1
[16:30:47:543274] player2_RigidBody 1 0 0 0 0 1 0 0 0 0 1 0 0 0 0 1
[16:30:47:644284] player1_RigidBody -0.999023 0.0114775 0.042678 0 -0.00395086 0.938627 -0.344911 0 -0.0440174 -0.344742 -0.937665 0 -0.00752399 0.0329933 0.0704196 1
[16:30:47:644284] player2_RigidBody 1 0 0 0 0 1 0 0 0 0 1 0 0 0 0 1
[16:30:47:745295] player1_RigidBody -0.999025 0.0113249 0.0426709 0 -0.0040811 0.93871 -0.344683 0 -0.0439592 -0.344521 -0.937749 0 -0.00754137 0.0329883 0.0704133 1
[16:30:47:745295] player2_RigidBody 1 0 0 0 0 1 0 0 0 0 1 0 0 0 0 1
[16:30:47:845305] player1_RigidBody -0.999024 0.011294 0.0426909 0 -0.0041102 0.938764 -0.344536 0 -0.0439679 -0.344375 -0.937802 0 -0.00753446 0.0330224 0.0704261 1
[16:30:47:845305] player2_RigidBody 1 0 0 0 0 1 0 0 0 0 1 0 0 0 0 1
[16:30:47:946315] player1_RigidBody -0.999024 0.0113011 0.0426976 0 -0.00411765 0.938672 -0.344788 0 -0.0439755 -0.344627 -0.937709 0 -0.00754746 0.032999 0.0704277 1
[16:30:47:946315] player2_RigidBody 1 0 0 0 0 1 0 0 0 0 1 0 0 0 0 1
[16:30:48:047325] player1_RigidBody -0.999024 0.0111626 0.0427454 0 -0.00426396 0.938673 -0.344781 0 -0.0439726 -0.344627 -0.937709 0 -0.00753022 0.0330143 0.0704253 1
[16:30:48:047325] player2_RigidBody 1 0 0 0 0 1 0 0 0 0 1 0 0 0 0 1
[16:30:48:147335] player1_RigidBody -0.999021 0.0113374 0.0427712 0 -0.00409613 0.938772 -0.344516 0 -0.0440583 -0.344353 -0.937806 0 -0.0075399 0.0330025 0.0704204 1
[16:30:48:147335] player2_RigidBody 1 0 0 0 0 1 0 0 0 0 1 0 0 0 0 1
[16:30:48:247345] player1_RigidBody -0.99902 0.0112383 0.0428213 0 -0.00419602 0.938854 -0.344291 0 -0.0440722 -0.344133 -0.937886 0 -0.00754728 0.0329689 0.0704174 1
[16:30:48:247345] player2_RigidBody 1 0 0 0 0 1 0 0 0 0 1 0 0 0 0 1
[16:30:48:349355] player1_RigidBody -0.999024 0.0111304 0.0427419 0 -0.00429526 0.938656 -0.344829 0 -0.043958 -0.344676 -0.937692 0 -0.00753561 0.0329964 0.0704199 1
[16:30:48:349355] player2_RigidBody 1 0 0 0 0 1 0 0 0 0 1 0 0 0 0 1
[16:30:48:449365] player1_RigidBody -0.999025 0.0114092 0.0426576 0 -0.00400797 0.938627 -0.344911 0 -0.0439747 -0.344745 -0.937666 0 -0.00754471 0.0329509 0.0704171 1
[16:30:48:450365] player2_RigidBody 1 0 0 0 0 1 0 0 0 0 1 0 0 0 0 1
[16:30:48:551375] player1_RigidBody -0.999022 0.0113919 0.0427176 0 -0.00404255 0.938646 -0.344859 0 -0.0440253 -0.344694 -0.937682 0 -0.00755999 0.0329724 0.0704224 1
[16:30:48:551375] player2_RigidBody 1 0 0 0 0 1 0 0 0 0 1 0 0 0 0 1
[16:30:48:651385] player1_RigidBody -0.999021 0.0113941 0.0427392 0 -0.00405769 0.93857 -0.345066 0 -0.0440454 -0.344902 -0.937605 0 -0.00753624 0.0329883 0.0704165 1
[16:30:48:651385] player2_RigidBody 1 0 0 0 0 1 0 0 0 0 1 0 0 0 0 1
[16:30:48:752395] player1_RigidBody -0.999027 0.0112643 0.0426464 0 -0.00414781 0.938567 -0.345072 0 -0.0439135 -0.344913 -0.937607 0 -0.00754188 0.0329997 0.0704132 1
[16:30:48:752395] player2_RigidBody 1 0 0 0 0 1 0 0 0 0 1 0 0 0 0 1
[16:30:48:852405] player1_RigidBody -0.999024 0.0115364 0.0426448 0 -0.0038781 0.938674 -0.344784 0 -0.0440071 -0.344613 -0.937713 0 -0.00757224 0.0329996 0.070406 1
[16:30:48:852405] player2_RigidBody 1 0 0 0 0 1 0 0 0 0 1 0 0 0 0 1
[16:30:48:954415] player1_RigidBody -0.999023 0.0113698 0.0427029 0 -0.00405397 0.938679 -0.344769 0 -0.0440042 -0.344605 -0.937716 0 -0.00756841 0.0330102 0.0704167 1
[16:30:48:954415] player2_RigidBody 1 0 0 0 0 1 0 0 0 0 1 0 0 0 0 1
[16:30:49:055426] player1_RigidBody -0.999024 0.0111026 0.0427517 0 -0.00433009 0.938613 -0.344944 0 -0.0439571 -0.344792 -0.937649 0 -0.00755896 0.0330187 0.0704176 1
[16:30:49:055426] player2_RigidBody 1 0 0 0 0 1 0 0 0 0 1 0 0 0 0 1
[16:30:49:156436] player1_RigidBody -0.999023 0.0112337 0.0427371 0 -0.00420445 0.938594 -0.344999 0 -0.0439884 -0.344842 -0.937629 0 -0.00757744 0.0329838 0.0704185 1
[16:30:49:156436] player2_RigidBody 1 0 0 0 0 1 0 0 0 0 1 0 0 0 0 1
[16:30:49:256446] player1_RigidBody -0.999022 0.0112609 0.0427581 0 -0.00418258 0.938622 -0.344923 0 -0.0440178 -0.344764 -0.937657 0 -0.0075521 0.0329659 0.0704211 1
[16:30:49:256446] player2_RigidBody 1 0 0 0 0 1 0 0 0 0 1 0 0 0 0 1
[16:30:49:357456] player1_RigidBody -0.999022 0.0113754 0.0427167 0 -0.00406804 0.938565 -0.345078 0 -0.0440178 -0.344914 -0.937601 0 -0.00753876 0.0329605 0.0704193 1
[16:30:49:357456] player2_RigidBody 1 0 0 0 0 1 0 0 0 0 1 0 0 0 0 1
[16:30:49:457466] player1_RigidBody -0.999023 0.011361 0.0427006 0 -0.0040681 0.938627 -0.34491 0 -0.0439985 -0.344747 -0.937664 0 -0.00755362 0.0330227 0.0704249 1
[16:30:49:458466] player2_RigidBody 1 0 0 0 0 1 0 0 0 0 1 0 0 0 0 1
[16:30:49:558476] player1_RigidBody -0.999021 0.0115292 0.0427127 0 -0.00390753 0.93868 -0.344767 0 -0.0440684 -0.344596 -0.937716 0 -0.00754689 0.0330172 0.070431 1
[16:30:49:558476] player2_RigidBody 1 0 0 0 0 1 0 0 0 0 1 0 0 0 0 1
[16:30:49:658486] player1_RigidBody -0.999024 0.0113558 0.0426912 0 -0.00408035 0.938544 -0.345136 0 -0.0439868 -0.344973 -0.937581 0 -0.00753948 0.0329963 0.0704292 1
[16:30:49:658486] player2_RigidBody 1 0 0 0 0 1 0 0 0 0 1 0 0 0 0 1
[16:30:49:758496] player1_RigidBody -0.999023 0.0112388 0.0427432 0 -0.00419745 0.938628 -0.344905 0 -0.0439963 -0.344748 -0.937664 0 -0.00755504 0.0329792 0.0704248 1
[16:30:49:758496] player2_RigidBody 1 0 0 0 0 1 0 0 0 0 1 0 0 0 0 1
[16:30:49:858506] player1_RigidBody -0.999024 0.0111147 0.0427597 0 -0.00432046 0.938621 -0.344922 0 -0.0439689 -0.34477 -0.937657 0 -0.00756796 0.0329409 0.0704192 1
[16:30:49:859506] player2_RigidBody 1 0 0 0 0 1 0 0 0 0 1 0 0 0 0 1
[16:30:49:959516] player1_RigidBody -0.999024 0.011092 0.0427516 0 -0.00434865 0.938546 -0.345126 0 -0.0439525 -0.344975 -0.937582 0 -0.00757081 0.032933 0.0704194 1
[16:30:49:959516] player2_RigidBody 1 0 0 0 0 1 0 0 0 0 1 0 0 0 0 1
[16:30:50:059526] player1_RigidBody -0.999024 0.0112085 0.042726 0 -0.00421739 0.938647 -0.344852 0 -0.0439699 -0.344696 -0.937684 0 -0.00755493 0.032932 0.0704195 1
[16:30:50:060526] player2_RigidBody 1 0 0 0 0 1 0 0 0 0 1 0 0 0 0 1
[16:30:50:160536] player1_RigidBody -0.999026 0.011217 0.0426789 0 -0.0041894 0.938677 -0.344773 0 -0.043929 -0.344615 -0.937716 0 -0.00754243 0.0330009 0.0704235 1
[16:30:50:160536] player2_RigidBody 1 0 0 0 0 1 0 0 0 0 1 0 0 0 0 1
[16:30:50:261546] player1_RigidBody -0.999025 0.0111968 0.042696 0 -0.00422072 0.938627 -0.344908 0 -0.0439375 -0.344752 -0.937665 0 -0.00753233 0.0329345 0.0704227 1
[16:30:50:262546] player2_RigidBody 1 0 0 0 0 1 0 0 0 0 1 0 0 0 0 1
[16:30:50:362556] player1_RigidBody -0.999022 0.0114168 0.0427225 0 -0.00402881 0.938583 -0.345029 0 -0.0440377 -0.344864 -0.937619 0 -0.00754568 0.032942 0.07042 1
[16:30:50:362556] player2_RigidBody 1 0 0 0 0 1 0 0 0 0 1 0 0 0 0 1
[16:30:50:462566] player1_RigidBody -0.999024 0.0114011 0.042664 0 -0.00401734 0.938631 -0.344901 0 -0.043978 -0.344735 -0.937669 0 -0.00756631 0.0330061 0.0704068 1
[16:30:50:462566] player2_RigidBody 1 0 0 0 0 1 0 0 0 0 1 0 0 0 0 1
[16:30:50:562576] player1_RigidBody -0.999021 0.0114357 0.0427327 0 -0.00400378 0.938668 -0.344799 0 -0.0440548 -0.344633 -0.937703 0 -0.00754579 0.0329898 0.0704109 1
[16:30:50:562576] player2_RigidBody 1 0 0 0 0 1 0 0 0 0 1 0 0 0 0 1
[16:30:50:663586] player1_RigidBody -0.99902 0.0112969 0.0427918 0 -0.00414655 0.93873 -0.344628 0 -0.0440632 -0.344468 -0.937763 0 -0.00755737 0.0330388 0.0704157 1
[16:30:50:663586] player2_RigidBody 1 0 0 0 0 1 0 0 0 0 1 0 0 0 0 1
[16:30:50:765597] player1_RigidBody -0.999024 0.011094 0.0427561 0 -0.00433725 0.938633 -0.34489 0 -0.0439585 -0.344739 -0.937669 0 -0.00756207 0.0329523 0.0704139 1
[16:30:50:765597] player2_RigidBody 1 0 0 0 0 1 0 0 0 0 1 0 0 0 0 1
[16:30:50:865607] player1_RigidBody -0.999023 0.0112477 0.0427416 0 -0.00418243 0.938676 -0.344776 0 -0.0439984 -0.344618 -0.937711 0 -0.00754791 0.0328777 0.0704153 1
[16:30:50:865607] player2_RigidBody 1 0 0 0 0 1 0 0 0 0 1 0 0 0 0 1
[16:30:50:966617] player1_RigidBody -0.999022 0.0113155 0.0427389 0 -0.0041208 0.938653 -0.344839 0 -0.044019 -0.344678 -0.937688 0 -0.00751883 0.0329821 0.0704257 1
[16:30:50:966617] player2_RigidBody 1 0 0 0 0 1 0 0 0 0 1 0 0 0 0 1
[16:30:51:067627] player1_RigidBody -0.999023 0.0110809 0.0427852 0 -0.00434968 0.93871 -0.34468 0 -0.0439822 -0.34453 -0.937745 0 -0.00755553 0.0329962 0.0704334 1
[16:30:51:067627] player2_RigidBody 1 0 0 0 0 1 0 0 0 0 1 0 0 0 0 1
[16:30:51:169637] player1_RigidBody -0.999021 0.011159 0.0428075 0 -0.00428481 0.938704 -0.344697 0 -0.0440301 -0.344543 -0.937738 0 -0.00756681 0.0329956 0.0704287 1
[16:30:51:169637] player2_RigidBody 1 0 0 0 0 1 0 0 0 0 1 0 0 0 0 1
[16:30:51:270647] player1_RigidBody -0.999024 0.0112994 0.0427091 0 -0.0041154 0.938732 -0.344622 0 -0.0439865 -0.344462 -0.937769 0 -0.00755622 0.0329676 0.0704368 1
[16:30:51:270647] player2_RigidBody 1 0 0 0 0 1 0 0 0 0 1 0 0 0 0 1
[16:30:51:370657] player1_RigidBody -0.999023 0.0113413 0.0427086 0 -0.00406366 0.938828 -0.344363 0 -0.0440015 -0.3442 -0.937865 0 -0.00754591 0.0330018 0.0704433 1
[16:30:51:370657] player2_RigidBody 1 0 0 0 0 1 0 0 0 0 1 0 0 0 0 1
[16:30:51:471667] player1_RigidBody -0.999023 0.0111936 0.042746 0 -0.00424596 0.938588 -0.345013 0 -0.0439828 -0.344858 -0.937624 0 -0.00753414 0.0329348 0.0704353 1
[16:30:51:471667] player2_RigidBody 1 0 0 0 0 1 0 0 0 0 1 0 0 0 0 1
[16:30:51:572677] player1_RigidBody -0.999017 0.0111307 0.0429074 0 -0.00434507 0.938711 -0.344679 0 -0.0441141 -0.344526 -0.93774 0 -0.00754517 0.0329411 0.0704242 1
[16:30:51:572677] player2_RigidBody 1 0 0 0 0 1 0 0 0 0 1 0 0 0 0 1
[16:30:51:673687] player1_RigidBody -0.99902 0.0113803 0.0427715 0 -0.00407537 0.938619 -0.34493 0 -0.0440716 -0.344767 -0.937653 0 -0.00755829 0.0329704 0.0704307 1
[16:30:51:673687] player2_RigidBody 1 0 0 0 0 1 0 0 0 0 1 0 0 0 0 1
[16:30:51:774697] player1_RigidBody -0.999019 0.0111192 0.0428577 0 -0.00432724 0.9388 -0.344436 0 -0.0440646 -0.344283 -0.937831 0 -0.00756936 0.0329946 0.0704275 1
[16:30:51:774697] player2_RigidBody 1 0 0 0 0 1 0 0 0 0 1 0 0 0 0 1
[16:30:51:875708] player1_RigidBody -0.999015 0.0112918 0.0429015 0 -0.00417539 0.938838 -0.344334 0 -0.0441657 -0.344174 -0.937866 0 -0.00756034 0.0329648 0.0704288 1
[16:30:51:875708] player2_RigidBody 1 0 0 0 0 1 0 0 0 0 1 0 0 0 0 1
[16:30:51:975718] player1_RigidBody -0.99902 0.0113693 0.042769 0 -0.0040805 0.938654 -0.344837 0 -0.0440658 -0.344674 -0.937688 0 -0.00756739 0.0329658 0.070425 1
[16:30:51:975718] player2_RigidBody 1 0 0 0 0 1 0 0 0 0 1 0 0 0 0 1
[16:30:52:076728] player1_RigidBody -0.999016 0.0113961 0.0428733 0 -0.00407345 0.938793 -0.344458 0 -0.0441746 -0.344294 -0.937822 0 -0.00758854 0.0329821 0.0704147 1
[16:30:52:076728] player2_RigidBody 1 0 0 0 0 1 0 0 0 0 1 0 0 0 0 1
[16:30:52:176738] player1_RigidBody -0.999022 0.0112411 0.0427668 0 -0.00418559 0.938767 -0.344526 0 -0.044021 -0.344368 -0.937802 0 -0.00758418 0.0329896 0.0704133 1
[16:30:52:176738] player2_RigidBody 1 0 0 0 0 1 0 0 0 0 1 0 0 0 0 1
[16:30:52:276748] player1_RigidBody -0.999021 0.0112506 0.0427926 0 -0.00419014 0.938732 -0.344623 0 -0.044048 -0.344465 -0.937765 0 -0.00758159 0.0329871 0.0704228 1
[16:30:52:276748] player2_RigidBody 1 0 0 0 0 1 0 0 0 0 1 0 0 0 0 1
[16:30:52:377758] player1_RigidBody -0.999026 0.0112652 0.0426695 0 -0.00414719 0.938628 -0.344906 0 -0.0439362 -0.344747 -0.937667 0 -0.00757645 0.0329809 0.0704274 1
[16:30:52:377758] player2_RigidBody 1 0 0 0 0 1 0 0 0 0 1 0 0 0 0 1
[16:30:52:477768] player1_RigidBody -0.999021 0.0113713 0.0427533 0 -0.00406802 0.938695 -0.344726 0 -0.0440523 -0.344562 -0.937729 0 -0.00755584 0.0330041 0.0704305 1
[16:30:52:477768] player2_RigidBody 1 0 0 0 0 1 0 0 0 0 1 0 0 0 0 1
[16:30:52:578778] player1_RigidBody -0.999018 0.0114193 0.042812 0 -0.00403963 0.938722 -0.344651 0 -0.0441243 -0.344485 -0.937754 0 -0.00756675 0.0329863 0.0704308 1
[16:30:52:578778] player2_RigidBody 1 0 0 0 0 1 0 0 0 0 1 0 0 0 0 1
[16:30:52:679788] player1_RigidBody -0.999022 0.011165 0.04279 0 -0.00426604 0.93876 -0.344546 0 -0.0440164 -0.344391 -0.937794 0 -0.0075758 0.0329442 0.0704322 1
[16:30:52:679788] player2_RigidBody 1 0 0 0 0 1 0 0 0 0 1 0 0 0 0 1
[16:30:52:779798] player1_RigidBody -0.999019 0.0111693 0.0428564 0 -0.00428964 0.938723 -0.344646 0 -0.0440797 -0.344492 -0.937754 0 -0.00756618 0.0329578 0.0704197 1
[16:30:52:779798] player2_RigidBody 1 0 0 0 0 1 0 0 0 0 1 0 0 0 0 1
[16:30:52:880808] player1_RigidBody -0.999022 0.0112969 0.0427556 0 -0.00412836 0.938775 -0.344506 0 -0.0440298 -0.344346 -0.93781 0 -0.00755539 0.032976 0.070431 1
[16:30:52:880808] player2_RigidBody 1 0 0 0 0 1 0 0 0 0 1 0 0 0 0 1
[16:30:52:980818] player1_RigidBody -0.999022 0.0113207 0.0427438 0 -0.00411618 0.938663 -0.344811 0 -0.0440256 -0.344649 -0.937699 0 -0.00754127 0.0329789 0.0704342 1
[16:30:52:980818] player2_RigidBody 1 0 0 0 0 1 0 0 0 0 1 0 0 0 0 1
[16:30:53:081828] player1_RigidBody -0.999022 0.0112337 0.042758 0 -0.00419955 0.938688 -0.344741 0 -0.0440091 -0.344584 -0.937723 0 -0.00755354 0.0330349 0.0704386 1
[16:30:53:081828] player2_RigidBody 1 0 0 0 0 1 0 0 0 0 1 0 0 0 0 1
[16:30:53:181838] player1_RigidBody -0.999021 0.0112784 0.0427794 0 -0.0041658 0.938682 -0.344758 0 -0.0440446 -0.344599 -0.937716 0 -0.00754869 0.0330517 0.0704283 1
[16:30:53:181838] player2_RigidBody 1 0 0 0 0 1 0 0 0 0 1 0 0 0 0 1
[16:30:53:281848] player1_RigidBody -0.999022 0.0113099 0.0427382 0 -0.00412697 0.938644 -0.344864 0 -0.0440163 -0.344703 -0.937679 0 -0.00755561 0.033015 0.0704256 1
[16:30:53:281848] player2_RigidBody 1 0 0 0 0 1 0 0 0 0 1 0 0 0 0 1
[16:30:53:382858] player1_RigidBody -0.999027 0.0110943 0.0426929 0 -0.00430641 0.938701 -0.344706 0 -0.0439001 -0.344554 -0.937739 0 -0.00755232 0.0330324 0.0704413 1
[16:30:53:382858] player2_RigidBody 1 0 0 0 0 1 0 0 0 0 1 0 0 0 0 1
[16:30:53:482868] player1_RigidBody -0.999023 0.0111106 0.0427698 0 -0.00431639 0.938711 -0.344678 0 -0.0439781 -0.344526 -0.937746 0 -0.00754202 0.0330436 0.0704203 1
[16:30:53:483868] player2_RigidBody 1 0 0 0 0 1 0 0 0 0 1 0 0 0 0 1
[16:30:53:583878] player1_RigidBody -0.999021 0.0113065 0.0427761 0 -0.00412887 0.938756 -0.344558 0 -0.044052 -0.344397 -0.93779 0 -0.00754247 0.0330098 0.0704256 1
[16:30:53:583878] player2_RigidBody 1 0 0 0 0 1 0 0 0 0 1 0 0 0 0 1
[16:30:53:685889] player1_RigidBody -0.999029 0.0113284 0.042583 0 -0.00405638 0.938641 -0.344873 0 -0.043877 -0.344711 -0.937683 0 -0.00753715 0.0330106 0.0704304 1
[16:30:53:685889] player2_RigidBody 1 0 0 0 0 1 0 0 0 0 1 0 0 0 0 1
[16:30:53:786899] player1_RigidBody -0.999023 0.0112591 0.0427377 0 -0.00416104 0.938749 -0.344578 0 -0.0439996 -0.344419 -0.937785 0 -0.00754191 0.0329906 0.0704207 1
[16:30:53:786899] player2_RigidBody 1 0 0 0 0 1 0 0 0 0 1 0 0 0 0 1
[16:30:53:886909] player1_RigidBody -0.999023 0.0111914 0.0427545 0 -0.00423509 0.938712 -0.344676 0 -0.0439915 -0.34452 -0.937748 0 -0.00754344 0.0329449 0.0704246 1
[16:30:53:886909] player2_RigidBody 1 0 0 0 0 1 0 0 0 0 1 0 0 0 0 1
[16:30:53:987919] player1_RigidBody -0.999024 0.0112636 0.0427162 0 -0.00415436 0.93871 -0.344684 0 -0.0439805 -0.344525 -0.937746 0 -0.00755526 0.0329931 0.0704175 1
[16:30:53:987919] player2_RigidBody 1 0 0 0 0 1 0 0 0 0 1 0 0 0 0 1
[16:30:54:088929] player1_RigidBody -0.99902 0.0112984 0.0427916 0 -0.0041381 0.938785 -0.344479 0 -0.0440641 -0.344318 -0.937818 0 -0.00756557 0.0329828 0.0704205 1
[16:30:54:088929] player2_RigidBody 1 0 0 0 0 1 0 0 0 0 1 0 0 0 0 1
[16:30:54:188939] player1_RigidBody -0.999023 0.0114357 0.0426873 0 -0.00398073 0.938726 -0.344641 0 -0.0440129 -0.344475 -0.937763 0 -0.00753333 0.0329977 0.070425 1
[16:30:54:188939] player2_RigidBody 1 0 0 0 0 1 0 0 0 0 1 0 0 0 0 1
[16:30:54:289949] player1_RigidBody -0.999024 0.0114353 0.0426716 0 -0.00398531 0.938651 -0.344846 0 -0.0439971 -0.34468 -0.937689 0 -0.00753378 0.0329972 0.0704234 1
[16:30:54:290949] player2_RigidBody 1 0 0 0 0 1 0 0 0 0 1 0 0 0 0 1
[16:30:54:390959] player1_RigidBody -0.999023 0.0114997 0.0426629 0 -0.0039211 0.938656 -0.344832 0 -0.0440113 -0.344662 -0.937694 0 -0.0075352 0.0330103 0.0704284 1
[16:30:54:391959] player2_RigidBody 1 0 0 0 0 1 0 0 0 0 1 0 0 0 0 1
[16:30:54:492969] player1_RigidBody -0.999025 0.0114613 0.0426253 0 -0.00392795 0.938784 -0.344485 0 -0.0439642 -0.344316 -0.937824 0 -0.00755971 0.0330312 0.0704239 1
[16:30:54:492969] player2_RigidBody 1 0 0 0 0 1 0 0 0 0 1 0 0 0 0 1
[16:30:54:594979] player1_RigidBody -0.99902 0.0114772 0.0427521 0 -0.00398068 0.938597 -0.344993 0 -0.0440866 -0.344825 -0.937631 0 -0.00756668 0.0329908 0.0704129 1
[16:30:54:594979] player2_RigidBody 1 0 0 0 0 1 0 0 0 0 1 0 0 0 0 1
[16:30:54:694989] player1_RigidBody -0.999022 0.0113569 0.0427363 0 -0.00405733 0.938837 -0.344337 0 -0.044033 -0.344173 -0.937873 0 -0.00757156 0.0330257 0.0704131 1
[16:30:54:694989] player2_RigidBody 1 0 0 0 0 1 0 0 0 0 1 0 0 0 0 1
[16:30:54:794999] player1_RigidBody -0.999023 0.0113988 0.0427069 0 -0.00403476 0.938627 -0.344909 0 -0.0440174 -0.344745 -0.937664 0 -0.00755324 0.0329813 0.0704151 1
[16:30:54:794999] player2_RigidBody 1 0 0 0 0 1 0 0 0 0 1 0 0 0 0 1
[16:30:54:895009] player1_RigidBody -0.999021 0.0113876 0.0427509 0 -0.00403819 0.938801 -0.344437 0 -0.0440569 -0.344272 -0.937836 0 -0.00756243 0.0329953 0.0704147 1
[16:30:54:896010] player2_RigidBody 1 0 0 0 0 1 0 0 0 0 1 0 0 0 0 1
[16:30:54:996020] player1_RigidBody -0.999021 0.0114986 0.0427132 0 -0.0039205 0.938805 -0.344427 0 -0.0440598 -0.344257 -0.937841 0 -0.00756987 0.0329829 0.0704149 1
[16:30:54:996020] player2_RigidBody 1 0 0 0 0 1 0 0 0 0 1 0 0 0 0 1
[16:30:55:097030] player1_RigidBody -0.999023 0.0112452 0.0427315 0 -0.00415812 0.938857 -0.344282 0 -0.0439903 -0.344124 -0.937893 0 -0.00756686 0.0329804 0.0704225 1
[16:30:55:097030] player2_RigidBody 1 0 0 0 0 1 0 0 0 0 1 0 0 0 0 1
[16:30:55:197040] player1_RigidBody -0.999026 0.0113481 0.0426332 0 -0.00405873 0.938613 -0.344948 0 -0.0439306 -0.344786 -0.937653 0 -0.00756826 0.0329809 0.0704212 1
[16:30:55:197040] player2_RigidBody 1 0 0 0 0 1 0 0 0 0 1 0 0 0 0 1
[16:30:55:298050] player1_RigidBody -0.999025 0.011155 0.0427188 0 -0.00424808 0.938782 -0.344486 0 -0.0439464 -0.344332 -0.937819 0 -0.0075707 0.0329917 0.070419 1
[16:30:55:298050] player2_RigidBody 1 0 0 0 0 1 0 0 0 0 1 0 0 0 0 1
[16:30:55:399060] player1_RigidBody -0.999025 0.0115024 0.0426133 0 -0.00390482 0.93863 -0.344904 0 -0.0439653 -0.344735 -0.93767 0 -0.00756473 0.0329767 0.0704231 1
[16:30:55:399060] player2_RigidBody 1 0 0 0 0 1 0 0 0 0 1 0 0 0 0 1
[16:30:55:499070] player1_RigidBody -0.999023 0.0112836 0.0427399 0 -0.004154 0.93863 -0.344901 0 -0.0440087 -0.344741 -0.937666 0 -0.00754643 0.0329652 0.0704233 1
[16:30:55:499070] player2_RigidBody 1 0 0 0 0 1 0 0 0 0 1 0 0 0 0 1
[16:30:55:600080] player1_RigidBody -0.999026 0.0112732 0.0426724 0 -0.0041274 0.938732 -0.344623 0 -0.043943 -0.344464 -0.937771 0 -0.00756506 0.0330026 0.0704232 1
[16:30:55:600080] player2_RigidBody 1 0 0 0 0 1 0 0 0 0 1 0 0 0 0 1
[16:30:55:701090] player1_RigidBody -0.999022 0.0113643 0.0427306 0 -0.00406267 0.938726 -0.344639 0 -0.0440289 -0.344476 -0.937762 0 -0.00755701 0.0329876 0.0704305 1
[16:30:55:701090] player2_RigidBody 1 0 0 0 0 1 0 0 0 0 1 0 0 0 0 1
[16:30:55:801100] player1_RigidBody -0.999023 0.0112345 0.0427439 0 -0.0041806 0.938793 -0.344456 0 -0.0439975 -0.344298 -0.937829 0 -0.00754578 0.0329757 0.0704261 1
[16:30:55:801100] player2_RigidBody 1 0 0 0 0 1 0 0 0 0 1 0 0 0 0 1
[16:30:55:903110] player1_RigidBody -0.999017 0.0115775 0.0427821 0 -0.00388358 0.9387 -0.344714 0 -0.0441505 -0.344541 -0.937732 0 -0.0075565 0.0329713 0.0704291 1
[16:30:55:903110] player2_RigidBody 1 0 0 0 0 1 0 0 0 0 1 0 0 0 0 1
[16:30:56:004120] player1_RigidBody -0.999023 0.011167 0.042748 0 -0.00424941 0.938762 -0.344541 0 -0.0439777 -0.344386 -0.937797 0 -0.00754563 0.032996 0.0704203 1
[16:30:56:004120] player2_RigidBody 1 0 0 0 0 1 0 0 0 0 1 0 0 0 0 1
[16:30:56:104130] player1_RigidBody -0.999024 0.0112369 0.0427081 0 -0.00416523 0.938799 -0.34444 0 -0.0439647 -0.344282 -0.937836 0 -0.00753868 0.0329747 0.0704178 1
